SPK POINT COORDINATES (ECEF)
-2147483648,891696.881,0.000,0.000,-6044516.435,0.000,0.000,5193822.369,0.000,0.000,0.000,0.000,0.000,0.000,7, 16, 27, 30, 
0,920168.533,0.000,0.000,-4716406.906,0.000,0.000,4502241.131,0.000,0.000,-4456875.891,-4242157.351,-4285161.721,0.000,7, 16, 27, 30, 
1,966688.774,14335.408,3905.326,-4961361.652,7803.568,2119.918,3674308.490,-2262.662,-619.869,-4446946.475,-4251187.182,-4285159.018,7, 16, 27, 
2,959182.752,7915.586,1610.877,-4944256.247,11863.537,2551.049,3681045.720,-3765.280,-816.050,-4449531.181,-4253448.603,-4280571.574,-2150477.566,7, 16, 27, 30, 
3,958900.766,6263.687,1006.654,-4943257.355,10101.016,1752.215,3681486.152,-3226.228,-565.129,-4449458.101,-4252494.065,-4281492.273,-2150481.379,7, 16, 27, 30, 
4,958925.891,5167.322,674.600,-4943172.830,8510.206,1224.388,3681492.517,-2731.312,-397.753,-4449395.476,-4252039.059,-4281958.817,-2150483.203,7, 16, 27, 30, 
5,959106.990,4388.602,475.126,-4943535.425,7191.868,875.394,3681283.786,-2319.411,-286.619,-4449358.472,-4251814.171,-4282195.265,-2150484.106,7, 16, 27, 30, 
6,959363.669,3806.211,346.942,-4944111.907,6131.849,640.799,3680971.695,-1988.599,-211.779,-4449337.989,-4251697.494,-4282319.209,-2150484.576,7, 16, 27, 30, 
7,959660.307,3353.999,260.287,-4944799.913,5270.864,477.956,3680605.382,-1720.821,-159.779,-4449326.264,-4251633.222,-4282387.964,-2150484.836,7, 16, 27, 30, 
8,959976.001,2991.705,199.250,-4945540.532,4562.672,361.667,3680213.414,-1501.614,-122.624,-4449319.348,-4251595.923,-4282427.952,-2150484.987,7, 16, 27, 30, 
9,960304.126,2695.001,154.895,-4946314.814,3972.948,276.584,3679804.848,-1320.191,-95.431,-4449315.107,-4251573.324,-4282452.212,-2150485.079,7, 16, 27, 30, 
10,960638.943,2447.422,121.815,-4947107.514,3475.593,212.974,3679387.280,-1168.261,-75.100,-4449312.437,-4251559.107,-4282467.478,-2150485.137,7, 16, 27, 30, 
11,960978.642,2237.836,96.621,-4947912.765,3050.301,164.450,3678963.358,-1039.341,-59.590,-4449310.689,-4251549.855,-4282477.415,-2150485.175,7, 16, 27, 30, 
12,961322.076,2058.020,77.075,-4948727.895,2683.376,126.879,3678534.363,-929.094,-47.581,-4449309.520,-4251543.676,-4282484.054,-2150485.200,7, 16, 27, 30, 
13,961667.731,1902.064,61.677,-4949548.594,2363.715,97.372,3678102.283,-833.970,-38.151,-4449308.721,-4251539.448,-4282488.596,-2150485.217,7, 16, 27, 30, 
14,962015.147,1765.545,49.386,-4950373.767,2082.619,73.901,3677667.651,-751.185,-30.651,-4449308.164,-4251536.492,-4282491.770,-2150485.229,7, 16, 27, 30, 
15,962364.227,1645.086,39.463,-4951202.621,1833.664,55.040,3677230.819,-678.690,-24.626,-4449307.768,-4251534.387,-4282494.029,-2150485.238,7, 16, 27, 30, 
16,962714.637,1538.011,31.372,-4952034.706,1611.531,39.736,3676792.183,-614.780,-19.737,-4449307.482,-4251532.863,-4282495.662,-2150485.244,7, 16, 27, 30, 
17,963066.503,1442.267,24.719,-4952869.952,1412.089,27.217,3676351.742,-558.134,-15.739,-4449307.273,-4251531.744,-4282496.860,-2150485.249,7, 16, 27, 30, 
18,963419.714,1356.168,19.205,-4953708.500,1231.891,16.897,3675909.363,-507.647,-12.444,-4449307.117,-4251530.913,-4282497.750,-2150485.252,7, 16, 27, 30, 
19,963773.738,1278.281,14.603,-4954548.668,1068.471,8.350,3675465.789,-462.534,-9.716,-4449307.002,-4251530.287,-4282498.418,-2150485.255,7, 16, 27, 30, 
20,964129.189,1207.562,10.741,-4955392.084,919.370,1.222,3675020.380,-422.005,-7.441,-4449306.915,-4251529.813,-4282498.925,-2150485.257,7, 16, 27, 30, 
21,964485.619,1143.049,7.481,-4956237.473,782.859,-4.744,3674573.766,-385.508,-5.538,-4449306.849,-4251529.449,-4282499.312,-2150485.258,7, 16, 27, 30, 
22,964843.148,1083.982,4.718,-4957085.215,657.342,-9.758,3674125.819,-352.531,-3.939,-4449306.798,-4251529.169,-4282499.610,-2150485.260,7, 16, 27, 30, 
23,965201.695,1029.705,2.366,-4957935.094,541.512,-13.988,3673676.592,-322.656,-2.591,-4449306.759,-4251528.951,-4282499.841,-2150485.261,7, 16, 27, 30, 
24,965561.390,979.678,0.356,-4958787.419,434.250,-17.565,3673226.000,-295.524,-1.451,-4449306.729,-4251528.781,-4282500.022,-2150485.261,7, 16, 27, 30, 
25,965922.105,933.427,-1.365,-4959641.773,334.630,-20.595,3672774.265,-270.840,-0.486,-4449306.706,-4251528.647,-4282500.163,-2150485.262,7, 16, 27, 30, 
26,966283.901,890.552,-2.844,-4960498.462,241.822,-23.168,3672321.157,-248.336,0.333,-4449306.688,-4251528.542,-4282500.274,-2150485.262,7, 16, 27, 30, 
27,966646.746,850.702,-4.117,-4961357.299,155.137,-25.353,3671866.828,-227.793,1.029,-4449306.674,-4251528.458,-4282500.361,-2150485.263,7, 16, 27, 30, 
28,967010.608,813.575,-5.215,-4962218.218,73.965,-27.209,3671411.362,-209.016,1.619,-4449306.663,-4251528.392,-4282500.430,-2150485.263,7, 16, 27, 30, 
29,967375.521,778.912,-6.163,-4963081.244,-2.225,-28.786,3670954.766,-191.834,2.120,-4449306.655,-4251528.340,-4282500.485,-2150485.263,7, 16, 27, 30, 
30,967741.493,746.481,-6.982,-4963946.411,-73.900,-30.124,3670497.039,-176.098,2.545,-4449306.648,-4251528.298,-4282500.528,-2150485.263,7, 16, 27, 30, 
31,968108.528,716.081,-7.690,-4964813.738,-141.471,-31.257,3670038.159,-161.676,2.904,-4449306.643,-4251528.265,-4282500.562,-2150485.263,7, 16, 27, 30, 
32,968476.587,687.533,-8.303,-4965683.108,-205.291,-32.213,3669578.183,-148.455,3.207,-4449306.639,-4251528.239,-4282500.589,-2150485.264,7, 16, 27, 30, 
33,968845.712,660.680,-8.832,-4966554.648,-265.687,-33.017,3669117.012,-136.330,3.461,-4449306.636,-4251528.218,-4282500.610,-2150485.264,7, 16, 27, 30, 
34,969215.862,635.378,-9.289,-4967428.237,-322.939,-33.689,3668654.763,-125.213,3.673,-4449306.634,-4251528.202,-4282500.626,-2150485.264,7, 16, 27, 30, 
35,969587.110,611.507,-9.682,-4968304.039,-377.308,-34.247,3668191.349,-115.018,3.849,-4449306.633,-4251528.190,-4282500.639,-2150485.264,7, 16, 27, 30, 
36,969959.380,588.950,-10.021,-4969181.825,-429.014,-34.706,3667726.989,-105.676,3.994,-4449306.632,-4251528.180,-4282500.649,-2150485.264,7, 16, 27, 30, 
37,970332.702,567.608,-10.311,-4970061.680,-478.262,-35.078,3667261.591,-97.122,4.111,-4449306.631,-4251528.172,-4282500.656,-2150485.264,7, 16, 27, 30, 
38,970707.109,547.391,-10.558,-4970943.713,-525.241,-35.375,3666795.097,-89.293,4.203,-4449306.631,-4251528.167,-4282500.661,-2150485.264,7, 16, 27, 30, 
39,971082.573,528.214,-10.768,-4971827.827,-570.115,-35.607,3666327.534,-82.140,4.275,-4449306.631,-4251528.163,-4282500.665,-2150485.264,7, 16, 27, 30, 
40,971459.092,510.007,-10.945,-4972714.012,-613.031,-35.780,3665858.954,-75.612,4.329,-4449306.631,-4251528.160,-4282500.667,-2150485.264,7, 16, 27, 30, 
41,971836.672,492.699,-11.093,-4973602.240,-654.127,-35.904,3665389.405,-69.668,4.366,-4449306.631,-4251528.158,-4282500.668,-2150485.264,7, 16, 27, 30, 
42,972215.319,476.232,-11.215,-4974492.549,-693.527,-35.983,3664918.916,-64.267,4.390,-4449306.632,-4251528.157,-4282500.669,-2150485.264,7, 16, 27, 30, 
43,972595.038,460.548,-11.314,-4975384.946,-731.344,-36.024,3664447.401,-59.372,4.401,-4449306.632,-4251528.157,-4282500.668,-2150485.264,7, 16, 27, 30, 
44,972975.832,445.597,-11.393,-4976279.473,-767.683,-36.031,3663974.841,-54.951,4.402,-4449306.633,-4251528.157,-4282500.668,-2150485.264,7, 16, 27, 30, 
45,973357.722,431.333,-11.454,-4977176.165,-802.638,-36.008,3663501.173,-50.973,4.393,-4449306.633,-4251528.158,-4282500.666,-2150485.264,7, 16, 27, 30, 
46,973740.709,417.712,-11.499,-4978075.030,-836.295,-35.959,3663026.396,-47.410,4.375,-4449306.634,-4251528.159,-4282500.665,-2150485.264,7, 16, 27, 30, 
47,974124.802,404.697,-11.530,-4978976.179,-868.736,-35.887,3662550.291,-44.237,4.351,-4449306.635,-4251528.160,-4282500.663,-2150485.264,7, 16, 27, 30, 
48,974510.027,392.251,-11.548,-4979879.703,-900.036,-35.796,3662072.781,-41.429,4.320,-4449306.635,-4251528.162,-4282500.661,-2150485.264,7, 16, 27, 30, 
49,974896.399,380.343,-11.555,-4980785.647,-930.262,-35.687,3661593.793,-38.965,4.284,-4449306.636,-4251528.163,-4282500.659,-2150485.264,7, 16, 27, 30, 
50,975283.904,368.939,-11.552,-4981693.917,-959.475,-35.562,3661113.472,-36.825,4.242,-4449306.637,-4251528.165,-4282500.657,-2150485.264,7, 16, 27, 30, 
51,975672.528,358.013,-11.541,-4982604.485,-987.732,-35.424,3660631.843,-34.991,4.197,-4449306.637,-4251528.167,-4282500.655,-2150485.264,7, 16, 27, 30, 
52,976062.299,347.536,-11.521,-4983517.400,-1015.087,-35.275,3660148.919,-33.446,4.148,-4449306.638,-4251528.169,-4282500.652,-2150485.264,7, 16, 27, 30, 
53,976453.217,337.486,-11.494,-4984432.659,-1041.589,-35.116,3659664.713,-32.174,4.096,-4449306.639,-4251528.171,-4282500.650,-2150485.264,7, 16, 27, 30, 
54,976845.248,327.838,-11.461,-4985350.085,-1067.281,-34.947,3659179.420,-31.161,4.041,-4449306.639,-4251528.173,-4282500.647,-2150485.264,7, 16, 27, 30, 
55,977238.428,318.574,-11.423,-4986269.848,-1092.209,-34.772,3658692.870,-30.393,3.983,-4449306.640,-4251528.175,-4282500.645,-2150485.264,7, 16, 27, 30, 
56,977632.766,309.671,-11.379,-4987192.047,-1116.412,-34.590,3658204.813,-29.857,3.924,-4449306.641,-4251528.177,-4282500.643,-2150485.264,7, 16, 27, 30, 
57,978028.285,301.115,-11.331,-4988116.721,-1139.929,-34.402,3657715.314,-29.540,3.863,-4449306.641,-4251528.179,-4282500.640,-2150485.264,7, 16, 27, 30, 
58,978425.012,292.887,-11.280,-4989043.868,-1162.795,-34.210,3657224.416,-29.431,3.800,-4449306.642,-4251528.181,-4282500.638,-2150485.264,7, 16, 27, 30, 
59,978822.813,284.967,-11.225,-4989973.224,-1185.036,-34.014,3656732.232,-29.523,3.736,-4449306.642,-4251528.182,-4282500.636,-2150485.264,7, 16, 27, 30, 
60,979221.840,277.346,-11.167,-4990905.087,-1206.689,-33.815,3656238.687,-29.803,3.672,-4449306.643,-4251528.184,-4282500.634,-2150485.264,7, 16, 27, 30, 
61,979622.049,270.006,-11.106,-4991839.331,-1227.780,-33.613,3655743.859,-30.263,3.606,-4449306.643,-4251528.186,-4282500.632,-2150485.264,7, 16, 27, 30, 
62,980023.427,262.937,-11.043,-4992775.878,-1248.334,-33.409,3655247.815,-30.894,3.540,-4449306.644,-4251528.188,-4282500.629,-2150485.264,7, 16, 27, 30, 
63,980425.951,256.124,-10.978,-4993714.825,-1268.376,-33.203,3654750.447,-31.690,3.473,-4449306.645,-4251528.190,-4282500.627,-2150485.264,7, 16, 27, 30, 
64,980829.696,249.557,-10.911,-4994656.296,-1287.931,-32.997,3654251.603,-32.641,3.406,-4449306.645,-4251528.191,-4282500.625,-2150485.264,7, 16, 27, 30, 
65,981234.625,243.225,-10.843,-4995600.101,-1307.020,-32.789,3653751.538,-33.741,3.339,-4449306.646,-4251528.193,-4282500.624,-2150485.264,7, 16, 27, 30, 
66,981640.698,237.116,-10.773,-4996546.201,-1325.662,-32.581,3653250.309,-34.985,3.272,-4449306.646,-4251528.195,-4282500.622,-2150485.264,7, 16, 27, 30, 
67,982048.009,231.223,-10.702,-4997494.729,-1343.880,-32.373,3652747.903,-36.364,3.204,-4449306.646,-4251528.196,-4282500.620,-2150485.264,7, 16, 27, 30, 
68,982456.513,225.535,-10.631,-4998445.770,-1361.688,-32.165,3652244.049,-37.875,3.137,-4449306.647,-4251528.198,-4282500.618,-2150485.264,7, 16, 27, 30, 
69,982866.246,220.045,-10.558,-4999399.278,-1379.110,-31.957,3651738.717,-39.509,3.070,-4449306.647,-4251528.199,-4282500.616,-2150485.264,7, 16, 27, 30, 
70,983277.211,214.744,-10.485,-5000355.363,-1396.159,-31.750,3651231.968,-41.261,3.003,-4449306.648,-4251528.201,-4282500.615,-2150485.264,7, 16, 27, 30, 
71,983689.338,209.624,-10.412,-5001313.756,-1412.849,-31.544,3650723.965,-43.130,2.936,-4449306.648,-4251528.202,-4282500.613,-2150485.264,7, 16, 27, 30, 
72,984102.754,204.680,-10.338,-5002274.784,-1429.199,-31.339,3650214.605,-45.106,2.870,-4449306.648,-4251528.203,-4282500.612,-2150485.264,7, 16, 27, 30, 
73,984517.326,199.901,-10.264,-5003238.062,-1445.216,-31.135,3649704.120,-47.190,2.804,-4449306.649,-4251528.205,-4282500.610,-2150485.264,7, 16, 27, 30, 
74,984933.116,195.283,-10.190,-5004203.752,-1460.916,-30.932,3649192.400,-49.374,2.738,-4449306.649,-4251528.206,-4282500.609,-2150485.264,7, 16, 27, 30, 
75,985350.156,190.820,-10.115,-5005171.968,-1476.314,-30.730,3648679.371,-51.656,2.673,-4449306.649,-4251528.207,-4282500.607,-2150485.264,7, 16, 27, 30, 
76,985607.721,182.574,-10.091,-5005735.686,-1483.618,-30.430,3648371.650,-56.709,2.574,-4449217.925,-4251359.529,118691897.991,-4282687.057,-2150486.516,7, 16, 18, 27, 30, 
77,985830.928,173.714,-10.076,-5006212.080,-1489.149,-30.115,3648108.222,-62.365,2.470,-4449109.437,-4251153.354,118691853.717,-4282915.003,-2150488.070,7, 16, 18, 27, 30, 
78,986054.288,165.081,-10.058,-5006688.564,-1494.610,-29.807,3647844.740,-68.039,2.368,-4449000.647,-4250946.683,118691809.387,-4283143.549,-2150489.553,7, 16, 18, 27, 30, 
79,986476.107,161.340,-9.980,-5007666.706,-1509.227,-29.619,3647326.521,-70.563,2.308,-4449000.648,-4250946.684,-4283143.548,-2150489.553,7, 16, 27, 30, 
80,986898.461,157.706,-9.902,-5008645.530,-1523.554,-29.433,3646807.933,-73.180,2.248,-4449000.648,-4250946.685,-4283143.547,-2150489.553,7, 16, 27, 30, 
81,987322.101,154.194,-9.826,-5009626.965,-1537.634,-29.248,3646287.984,-75.876,2.188,-4449000.648,-4250946.686,-4283143.546,-2150489.553,7, 16, 27, 30, 
82,987746.953,150.796,-9.749,-5010610.807,-1551.474,-29.065,3645766.761,-78.650,2.129,-4449000.648,-4250946.686,-4283143.545,-2150489.553,7, 16, 27, 30, 
83,988173.135,147.512,-9.673,-5011597.352,-1565.086,-28.883,3645244.107,-81.496,2.071,-4449000.649,-4250946.687,-4283143.544,-2150489.553,7, 16, 27, 30, 
84,988600.539,144.336,-9.597,-5012586.353,-1578.476,-28.703,3644720.121,-84.414,2.013,-4449000.649,-4250946.688,-4283143.543,-2150489.553,7, 16, 27, 30, 
85,989029.304,141.266,-9.522,-5013578.121,-1591.652,-28.524,3644194.615,-87.400,1.955,-4449000.649,-4250946.689,-4283143.542,-2150489.553,7, 16, 27, 30, 
86,989459.313,138.296,-9.448,-5014572.409,-1604.621,-28.348,3643667.755,-90.452,1.898,-4449000.649,-4250946.690,-4283143.541,-2150489.553,7, 16, 27, 30, 
87,989890.603,135.425,-9.374,-5015569.297,-1617.390,-28.173,3643139.438,-93.568,1.842,-4449000.650,-4250946.691,-4283143.540,-2150489.553,7, 16, 27, 30, 
88,990323.246,132.649,-9.301,-5016569.022,-1629.970,-27.999,3642609.525,-96.745,1.786,-4449000.650,-4250946.691,-4283143.539,-2150489.553,7, 16, 27, 30, 
89,990757.167,129.965,-9.228,-5017571.256,-1642.362,-27.828,3642078.277,-99.982,1.731,-4449000.650,-4250946.692,-4283143.538,-2150489.553,7, 16, 27, 30, 
90,991192.403,127.369,-9.156,-5018576.201,-1654.576,-27.658,3641545.568,-103.277,1.676,-4449000.650,-4250946.693,-4283143.538,-2150489.553,7, 16, 27, 30, 
91,991629.003,124.862,-9.085,-5019583.920,-1666.617,-27.490,3641011.317,-106.626,1.622,-4449000.650,-4250946.694,-4283143.537,-2150489.553,7, 16, 27, 30, 
92,992066.847,122.436,-9.014,-5020594.134,-1678.487,-27.324,3640475.727,-110.030,1.569,-4449000.650,-4250946.694,-4283143.536,-2150489.553,7, 16, 27, 30, 
93,992506.077,120.093,-8.944,-5021607.173,-1690.196,-27.160,3639938.633,-113.486,1.516,-4449000.651,-4250946.695,-4283143.535,-2150489.553,7, 16, 27, 30, 
94,992946.621,117.828,-8.874,-5022622.865,-1701.748,-26.997,3639400.104,-116.992,1.464,-4449000.651,-4250946.696,-4283143.535,-2150489.553,7, 16, 27, 30, 
95,993388.444,115.638,-8.805,-5023641.119,-1713.146,-26.836,3638860.186,-120.547,1.412,-4449000.651,-4250946.696,-4283143.534,-2150489.553,7, 16, 27, 30, 
96,993831.689,113.524,-8.737,-5024662.264,-1724.399,-26.678,3638318.754,-124.149,1.361,-4449000.651,-4250946.697,-4283143.533,-2150489.553,7, 16, 27, 30, 
97,994276.238,111.481,-8.669,-5025686.030,-1735.508,-26.520,3637775.909,-127.797,1.310,-4449000.651,-4250946.697,-4283143.533,-2150489.553,7, 16, 27, 30, 
98,994722.165,109.508,-8.602,-5026712.566,-1746.480,-26.365,3637231.631,-131.489,1.260,-4449000.651,-4250946.698,-4283143.532,-2150489.553,7, 16, 27, 30, 
99,995169.418,107.603,-8.536,-5027741.747,-1757.316,-26.211,3636686.020,-135.224,1.211,-4449000.652,-4250946.698,-4283143.531,-2150489.553,7, 16, 27, 30, 
100,995618.009,105.764,-8.470,-5028773.562,-1768.021,-26.059,3636139.058,-139.001,1.162,-4449000.652,-4250946.699,-4283143.531,-2150489.553,7, 16, 27, 30, 
101,996067.984,103.989,-8.405,-5029808.139,-1778.600,-25.909,3635590.688,-142.818,1.114,-4449000.652,-4250946.699,-4283143.530,-2150489.553,7, 16, 27, 30, 
102,996519.263,102.276,-8.341,-5030845.292,-1789.055,-25.760,3635041.027,-146.675,1.066,-4449000.652,-4250946.700,-4283143.530,-2150489.553,7, 16, 27, 30, 
103,996686.217,95.433,-8.327,-5031169.418,-1789.203,-25.516,3634852.643,-154.069,0.985,-4448848.678,-4250660.620,-4328807.420,-4283461.591,-2150491.752,7, 16, 18, 27, 30, 
104,996716.390,86.224,-8.335,-5031150.877,-1784.545,-25.232,3634837.764,-163.113,0.891,-4448623.223,-4250236.371,-4328895.736,-4283933.374,-2150495.150,7, 16, 18, 27, 30, 
105,996746.439,77.150,-8.342,-5031132.180,-1780.010,-24.954,3634822.771,-172.113,0.798,-4448397.529,-4249811.835,-4328984.000,-4284405.587,-2150498.401,7, 16, 18, 27, 30, 
106,996776.397,68.310,-8.347,-5031113.346,-1775.654,-24.682,3634807.706,-181.047,0.708,-4448171.753,-4249387.294,-4329072.159,-4284877.905,-2150501.590,7, 16, 18, 27, 30, 
107,996806.278,59.603,-8.350,-5031094.436,-1771.359,-24.417,3634792.597,-189.959,0.620,-4447945.831,-4248962.647,-4329160.222,-4285350.460,-2150504.831,7, 16, 18, 27, 30, 
108,996836.091,51.086,-8.351,-5031075.433,-1767.216,-24.157,3634777.438,-198.816,0.534,-4447719.874,-4248538.084,-4329248.163,-4285823.022,-2150507.980,7, 16, 18, 27, 30, 
109,996865.867,42.731,-8.351,-5031056.406,-1763.169,-23.903,3634762.282,-207.637,0.449,-4447493.846,-4248113.546,-4329335.986,-4286295.667,-2150511.503,7, 16, 18, 27, 30, 
110,996895.638,34.512,-8.350,-5031037.386,-1759.236,-23.654,3634747.158,-216.417,0.367,-4447267.785,-4247689.105,-4329423.678,-4286768.311,-2150515.215,7, 16, 18, 27, 30, 
111,996925.353,26.446,-8.348,-5031018.309,-1755.417,-23.411,3634732.008,-225.156,0.286,-4447041.664,-4247264.706,-4329511.251,-4287241.015,-2150518.268,7, 16, 18, 27, 30, 
112,996955.043,18.535,-8.344,-5030999.210,-1751.709,-23.173,3634716.863,-233.854,0.208,-4446815.476,-4246840.335,-4329598.709,-4287713.794,-2150521.452,7, 16, 18, 27, 30, 
113,996984.653,10.751,-8.339,-5030980.012,-1748.100,-22.941,3634701.666,-242.517,0.131,-4446589.221,-4246415.998,-4329686.048,-4288186.644,-2150524.590,7, 16, 18, 27, 30, 
114,997014.142,3.136,-8.333,-5030960.658,-1744.594,-22.713,3634686.366,-251.141,0.055,-4446362.805,-4245991.515,-4329773.309,-4288659.763,-2150527.800,7, 16, 18, 27, 30, 
115,997043.498,-4.394,-8.326,-5030941.103,-1741.153,-22.489,3634670.922,-259.742,-0.019,-4446136.287,-4245567.000,-4329860.462,-4289133.029,-2150531.666,7, 16, 18, 27, 30, 
116,997072.722,-11.785,-8.318,-5030921.403,-1737.830,-22.270,3634655.406,-268.301,-0.091,-4445909.625,-4245142.370,-4329947.528,-4289606.530,-2150534.775,7, 16, 18, 27, 30, 
117,997101.895,-18.888,-8.308,-5030901.642,-1734.799,-22.058,3634639.812,-276.756,-0.162,-4445682.199,-4244716.448,-4330034.758,-4290081.564,-2150538.028,7, 16, 18, 27, 30, 
118,997130.951,-26.030,-8.298,-5030881.707,-1731.643,-21.848,3634624.185,-285.253,-0.231,-4445456.051,-4244293.093,-4330121.342,-4290553.858,-2150541.190,7, 16, 18, 27, 30, 
119,997159.925,-33.084,-8.288,-5030861.682,-1728.498,-21.641,3634608.473,-293.745,-0.299,-4445229.115,-4243868.434,-4330208.074,-4291027.727,-2150544.463,7, 16, 18, 27, 30, 
120,997188.849,-39.988,-8.276,-5030841.599,-1725.504,-21.439,3634592.739,-302.183,-0.366,-4445002.108,-4243443.786,-4330294.699,-4291501.683,-2150547.405,7, 16, 18, 27, 30, 
121,997217.661,-46.808,-8.265,-5030821.367,-1722.584,-21.241,3634576.907,-310.595,-0.431,-4444775.011,-4243019.122,-4330381.218,-4291975.760,-2150550.624,7, 16, 18, 27, 30, 
122,997685.614,-46.723,-8.197,-5031893.995,-1732.917,-21.153,3634005.957,-314.451,-0.459,-4444775.011,-4243019.122,-4291975.760,-2150550.624,7, 16, 27, 30, 
123,998153.924,-46.630,-8.131,-5032966.814,-1743.120,-21.066,3633434.841,-318.349,-0.486,-4444775.011,-4243019.122,-4291975.760,-2150550.624,7, 16, 27, 30, 
124,998623.614,-46.516,-8.066,-5034042.381,-1753.230,-20.979,3632862.322,-322.279,-0.514,-4444775.011,-4243019.122,-4291975.760,-2150550.624,7, 16, 27, 30, 
125,999094.861,-46.377,-8.001,-5035121.148,-1763.250,-20.893,3632287.949,-326.237,-0.541,-4444775.011,-4243019.122,-4291975.760,-2150550.624,7, 16, 27, 30, 
126,999567.597,-46.216,-7.937,-5036202.994,-1773.184,-20.807,3631711.913,-330.223,-0.568,-4444775.011,-4243019.122,-4291975.759,-2150550.624,7, 16, 27, 30, 
127,1000041.804,-46.033,-7.874,-5037287.802,-1783.031,-20.722,3631134.229,-334.238,-0.595,-4444775.011,-4243019.123,-4291975.759,-2150550.624,7, 16, 27, 30, 
128,1000517.605,-45.827,-7.812,-5038375.955,-1792.797,-20.638,3630554.652,-338.279,-0.621,-4444775.011,-4243019.123,-4291975.759,-2150550.624,7, 16, 27, 30, 
129,1000994.850,-45.601,-7.751,-5039467.051,-1802.480,-20.554,3629973.397,-342.347,-0.647,-4444775.011,-4243019.123,-4291975.759,-2150550.624,7, 16, 27, 30, 
130,1001473.654,-45.353,-7.690,-5040561.421,-1812.085,-20.471,3629390.203,-346.441,-0.673,-4444775.011,-4243019.123,-4291975.759,-2150550.624,7, 16, 27, 30, 
131,1001954.044,-45.083,-7.630,-5041659.037,-1821.613,-20.389,3628805.173,-350.559,-0.699,-4444775.011,-4243019.123,-4291975.759,-2150550.624,7, 16, 27, 30, 
132,1002436.015,-44.793,-7.571,-5042759.923,-1831.069,-20.307,3628218.371,-354.701,-0.725,-4444775.011,-4243019.123,-4291975.758,-2150550.624,7, 16, 27, 30, 
133,1002919.446,-44.484,-7.513,-5043863.741,-1840.448,-20.226,3627629.971,-358.868,-0.751,-4444775.011,-4243019.124,-4291975.758,-2150550.624,7, 16, 27, 30, 
134,1003404.459,-44.155,-7.455,-5044970.938,-1849.757,-20.146,3627039.488,-363.058,-0.776,-4444775.011,-4243019.124,-4291975.758,-2150550.624,7, 16, 27, 30, 
135,1003891.151,-43.805,-7.398,-5046081.692,-1858.999,-20.067,3626446.838,-367.270,-0.801,-4444775.011,-4243019.124,-4291975.758,-2150550.624,7, 16, 27, 30, 
136,1004379.372,-43.436,-7.342,-5047195.656,-1868.173,-19.988,3625852.263,-371.504,-0.826,-4444775.011,-4243019.124,-4291975.758,-2150550.624,7, 16, 27, 30, 
137,1004869.210,-43.049,-7.286,-5048313.019,-1877.280,-19.909,3625255.682,-375.759,-0.850,-4444775.011,-4243019.124,-4291975.758,-2150550.624,7, 16, 27, 30, 
138,1005360.697,-42.642,-7.231,-5049433.792,-1886.324,-19.832,3624657.220,-380.035,-0.875,-4444775.011,-4243019.124,-4291975.758,-2150550.624,7, 16, 27, 30, 
139,1005853.697,-42.218,-7.177,-5050557.616,-1895.303,-19.755,3624057.075,-384.332,-0.899,-4444775.011,-4243019.124,-4291975.757,-2150550.624,7, 16, 27, 30, 
140,1006348.282,-41.776,-7.123,-5051684.645,-1904.219,-19.678,3623455.219,-388.649,-0.923,-4444775.011,-4243019.124,-4291975.757,-2150550.624,7, 16, 27, 30, 
141,1006844.467,-41.317,-7.070,-5052814.905,-1913.074,-19.603,3622851.671,-392.987,-0.947,-4444775.011,-4243019.125,-4291975.757,-2150550.624,7, 16, 27, 30, 
142,1007342.237,-40.841,-7.018,-5053948.373,-1921.869,-19.528,3622246.391,-397.344,-0.971,-4444775.011,-4243019.125,-4291975.757,-2150550.624,7, 16, 27, 30, 
143,1007841.553,-40.349,-6.966,-5055084.888,-1930.604,-19.453,3621639.580,-401.720,-0.994,-4444775.011,-4243019.125,-4291975.757,-2150550.624,7, 16, 27, 30, 
144,1008342.559,-39.839,-6.915,-5056224.824,-1939.285,-19.380,3621031.044,-406.114,-1.018,-4444775.011,-4243019.125,-4291975.757,-2150550.624,7, 16, 27, 30, 
145,1008845.081,-39.314,-6.864,-5057367.734,-1947.906,-19.306,3620421.008,-410.527,-1.041,-4444775.011,-4243019.125,-4291975.757,-2150550.624,7, 16, 27, 30, 
146,1009349.225,-38.773,-6.814,-5058513.880,-1956.473,-19.234,3619809.309,-414.958,-1.064,-4444775.012,-4243019.125,-4291975.756,-2150550.624,7, 16, 27, 30, 
147,1009854.953,-38.217,-6.765,-5059663.179,-1964.987,-19.162,3619196.021,-419.407,-1.086,-4444775.012,-4243019.125,-4291975.756,-2150550.624,7, 16, 27, 30, 
148,1010362.302,-37.645,-6.716,-5060815.693,-1973.447,-19.090,3618581.124,-423.872,-1.109,-4444775.012,-4243019.125,-4291975.756,-2150550.624,7, 16, 27, 30, 
149,1010871.282,-37.057,-6.668,-5061971.460,-1981.857,-19.020,3617964.615,-428.354,-1.131,-4444775.012,-4243019.125,-4291975.756,-2150550.624,7, 16, 27, 30, 
150,1011381.836,-36.456,-6.620,-5063130.268,-1990.215,-18.950,3617346.570,-432.853,-1.153,-4444775.012,-4243019.126,-4291975.756,-2150550.624,7, 16, 27, 30, 
151,1011894.030,-35.840,-6.573,-5064292.380,-1998.525,-18.880,3616726.893,-437.368,-1.175,-4444775.012,-4243019.126,-4291975.756,-2150550.624,7, 16, 27, 30, 
152,1012407.884,-35.209,-6.526,-5065457.727,-2006.786,-18.811,3616105.690,-441.898,-1.197,-4444775.012,-4243019.126,-4291975.756,-2150550.624,7, 16, 27, 30, 
153,1012923.377,-34.564,-6.480,-5066626.302,-2015.000,-18.743,3615482.881,-446.444,-1.219,-4444775.012,-4243019.126,-4291975.756,-2150550.624,7, 16, 27, 30, 
154,1013440.485,-33.905,-6.434,-5067798.139,-2023.168,-18.675,3614858.323,-451.004,-1.240,-4444775.012,-4243019.126,-4291975.756,-2150550.624,7, 16, 27, 30, 
155,1013959.388,-33.231,-6.389,-5068973.626,-2031.293,-18.608,3614231.864,-455.579,-1.261,-4444775.012,-4243019.126,-4291975.755,-2150550.624,7, 16, 27, 30, 
156,1014479.808,-32.544,-6.344,-5070152.104,-2039.372,-18.541,3613603.820,-460.168,-1.282,-4444775.012,-4243019.126,-4291975.755,-2150550.624,7, 16, 27, 30, 
157,1015002.090,-31.842,-6.299,-5071334.405,-2047.411,-18.475,3612973.739,-464.771,-1.303,-4444775.012,-4243019.126,-4291975.755,-2150550.624,7, 16, 27, 30, 
158,1015299.232,-33.832,-6.273,-5071963.414,-2050.197,-18.377,3612623.725,-471.178,-1.335,-4444663.990,-4242814.224,-4537524.603,-4292206.292,-2150552.296,7, 16, 18, 27, 30, 
159,1015329.494,-39.000,-6.266,-5071937.313,-2046.907,-18.243,3612605.460,-479.674,-1.380,-4444421.419,-4242366.686,-4537611.617,-4292709.925,-2150555.817,7, 16, 18, 27, 30, 
160,1015359.734,-44.072,-6.258,-5071911.183,-2043.687,-18.110,3612587.211,-488.145,-1.423,-4444178.591,-4241918.840,-4537698.571,-4293214.024,-2150559.284,7, 16, 18, 27, 30, 
161,1015389.989,-49.082,-6.251,-5071885.099,-2040.542,-17.980,3612569.025,-496.589,-1.466,-4443935.772,-4241471.169,-4537785.373,-4293718.039,-2150562.731,7, 16, 18, 27, 30, 
162,1015420.205,-54.029,-6.243,-5071858.984,-2037.458,-17.851,3612550.838,-505.012,-1.509,-4443692.871,-4241023.506,-4537872.054,-4294222.158,-2150566.169,7, 16, 18, 27, 30, 
163,1015450.359,-58.917,-6.234,-5071832.805,-2034.431,-17.725,3612532.619,-513.414,-1.551,-4443449.885,-4240575.850,-4537958.614,-4294726.384,-2150569.821,7, 16, 18, 27, 30, 
164,1015981.214,-57.973,-6.191,-5073033.017,-2042.503,-17.667,3611892.887,-518.000,-1.569,-4443449.885,-4240575.850,-4294726.384,-2150569.821,7, 16, 27, 30, 
165,1016512.554,-57.033,-6.149,-5074233.647,-2050.510,-17.609,3611252.948,-522.608,-1.587,-4443449.885,-4240575.850,-4294726.384,-2150569.821,7, 16, 27, 30, 
166,1016824.003,-58.606,-6.121,-5074895.334,-2053.656,-17.523,3610886.011,-528.886,-1.615,-4443342.776,-4240378.730,-4553485.080,-4294948.555,-2150571.440,7, 16, 18, 27, 30, 
167,1016854.265,-63.316,-6.113,-5074868.745,-2050.720,-17.402,3610867.685,-537.254,-1.655,-4443098.806,-4239929.899,-4553571.410,-4295454.546,-2150575.116,7, 16, 18, 27, 30, 
168,1016884.530,-68.002,-6.105,-5074842.186,-2047.838,-17.282,3610849.394,-545.603,-1.694,-4442854.610,-4239480.805,-4553657.676,-4295960.939,-2150578.624,7, 16, 18, 27, 30, 
169,1016914.760,-72.630,-6.096,-5074815.609,-2045.003,-17.165,3610831.113,-553.936,-1.733,-4442610.331,-4239031.721,-4553743.820,-4296467.437,-2150582.082,7, 16, 18, 27, 30, 
170,1016944.983,-77.196,-6.087,-5074789.041,-2042.234,-17.049,3610812.863,-562.245,-1.771,-4442366.033,-4238582.761,-4553829.821,-4296973.910,-2150585.441,7, 16, 18, 27, 30, 
171,1016975.226,-81.721,-6.078,-5074762.527,-2039.523,-16.935,3610794.680,-570.534,-1.809,-4442121.706,-4238133.912,-4553915.679,-4297480.373,-2150589.081,7, 16, 18, 27, 30, 
172,1017005.474,-86.176,-6.069,-5074736.044,-2036.876,-16.822,3610776.545,-578.801,-1.846,-4441877.362,-4237685.187,-4554001.396,-4297986.808,-2150592.620,7, 16, 18, 27, 30, 
173,1017035.735,-90.584,-6.059,-5074709.605,-2034.277,-16.711,3610758.469,-587.050,-1.883,-4441633.030,-4237236.645,-4554086.958,-4298493.152,-2150596.041,7, 16, 18, 27, 30, 
174,1017066.084,-94.938,-6.050,-5074683.412,-2031.729,-16.602,3610740.341,-595.281,-1.919,-4441388.673,-4236788.218,-4554172.379,-4298999.479,-2150599.563,7, 16, 18, 27, 30, 
175,1017096.332,-99.243,-6.040,-5074656.999,-2029.236,-16.494,3610722.338,-603.493,-1.954,-4441144.225,-4236339.783,-4554257.681,-4299505.930,-2150602.990,7, 16, 18, 27, 30, 
176,1017126.598,-103.500,-6.030,-5074630.643,-2026.796,-16.387,3610704.399,-611.686,-1.989,-4440899.789,-4235891.531,-4554342.829,-4300012.290,-2150606.375,7, 16, 18, 27, 30, 
177,1017671.048,-102.207,-5.989,-5075857.843,-2034.865,-16.341,3610050.892,-616.264,-2.004,-4440899.789,-4235891.531,-4300012.290,-2150606.375,7, 16, 27, 30, 
178,1018215.899,-100.923,-5.948,-5077085.172,-2042.872,-16.295,3609397.450,-620.864,-2.018,-4440899.789,-4235891.531,-4300012.290,-2150606.375,7, 16, 27, 30, 
179,1018762.628,-99.631,-5.908,-5078316.202,-2050.843,-16.249,3608742.198,-625.475,-2.033,-4440899.789,-4235891.531,-4300012.290,-2150606.375,7, 16, 27, 30, 
180,1019311.142,-98.332,-5.869,-5079550.696,-2058.781,-16.203,3608085.283,-630.098,-2.047,-4440899.789,-4235891.531,-4300012.290,-2150606.375,7, 16, 27, 30, 
181,1019861.380,-97.028,-5.830,-5080788.633,-2066.684,-16.158,3607426.710,-634.731,-2.061,-4440899.789,-4235891.531,-4300012.290,-2150606.375,7, 16, 27, 30, 
182,1020413.440,-95.718,-5.791,-5082030.097,-2074.553,-16.113,3606766.454,-639.376,-2.075,-4440899.789,-4235891.531,-4300012.290,-2150606.375,7, 16, 27, 30, 
183,1020967.351,-94.400,-5.752,-5083275.236,-2082.390,-16.068,3606104.370,-644.031,-2.089,-4440899.789,-4235891.531,-4300012.290,-2150606.375,7, 16, 27, 30, 
184,1021523.113,-93.076,-5.714,-5084524.081,-2090.197,-16.023,3605440.352,-648.696,-2.103,-4440899.789,-4235891.531,-4300012.290,-2150606.375,7, 16, 27, 30, 
185,1022080.723,-91.745,-5.677,-5085776.615,-2097.972,-15.979,3604774.468,-653.371,-2.117,-4440899.789,-4235891.531,-4300012.290,-2150606.375,7, 16, 27, 30, 
186,1022640.189,-90.408,-5.639,-5087032.830,-2105.717,-15.936,3604106.728,-658.056,-2.130,-4440899.789,-4235891.531,-4300012.290,-2150606.375,7, 16, 27, 30, 
187,1023201.527,-89.064,-5.602,-5088292.713,-2113.432,-15.892,3603437.244,-662.751,-2.144,-4440899.789,-4235891.531,-4300012.289,-2150606.375,7, 16, 27, 30, 
188,1023764.687,-87.714,-5.566,-5089556.195,-2121.117,-15.849,3602766.026,-667.456,-2.157,-4440899.789,-4235891.531,-4300012.289,-2150606.375,7, 16, 27, 30, 
189,1024329.746,-86.358,-5.530,-5090823.382,-2128.774,-15.806,3602092.947,-672.170,-2.171,-4440899.789,-4235891.531,-4300012.289,-2150606.375,7, 16, 27, 30, 
190,1024896.679,-84.995,-5.494,-5092094.285,-2136.403,-15.763,3601418.059,-676.893,-2.184,-4440899.789,-4235891.531,-4300012.289,-2150606.375,7, 16, 27, 30, 
191,1025465.493,-83.626,-5.458,-5093368.920,-2144.005,-15.721,3600741.323,-681.625,-2.197,-4440899.789,-4235891.531,-4300012.289,-2150606.375,7, 16, 27, 30, 
192,1026036.250,-82.250,-5.423,-5094647.432,-2151.580,-15.679,3600062.586,-686.366,-2.210,-4440899.789,-4235891.531,-4300012.289,-2150606.375,7, 16, 27, 30, 
193,1026608.914,-80.868,-5.388,-5095929.777,-2159.129,-15.637,3599381.855,-691.115,-2.223,-4440899.789,-4235891.531,-4300012.289,-2150606.375,7, 16, 27, 30, 
194,1027183.575,-79.479,-5.353,-5097216.171,-2166.654,-15.596,3598698.964,-695.872,-2.236,-4440899.789,-4235891.531,-4300012.289,-2150606.375,7, 16, 27, 30, 
195,1027760.181,-78.083,-5.319,-5098506.491,-2174.153,-15.555,3598013.989,-700.637,-2.249,-4440899.789,-4235891.531,-4300012.289,-2150606.375,7, 16, 27, 30, 
196,1028338.731,-76.681,-5.285,-5099800.694,-2181.628,-15.514,3597327.027,-705.410,-2.262,-4440899.789,-4235891.531,-4300012.289,-2150606.375,7, 16, 27, 30, 
197,1028919.266,-75.272,-5.252,-5101098.889,-2189.080,-15.474,3596637.994,-710.191,-2.275,-4440899.789,-4235891.531,-4300012.289,-2150606.375,7, 16, 27, 30, 
198,1029501.771,-73.857,-5.218,-5102401.016,-2196.508,-15.433,3595946.929,-714.979,-2.287,-4440899.789,-4235891.532,-4300012.289,-2150606.375,7, 16, 27, 30, 
199,1030086.284,-72.435,-5.185,-5103707.199,-2203.914,-15.393,3595253.779,-719.775,-2.300,-4440899.789,-4235891.532,-4300012.289,-2150606.375,7, 16, 27, 30, 
200,1030672.760,-71.007,-5.152,-5105017.249,-2211.297,-15.354,3594558.675,-724.578,-2.312,-4440899.789,-4235891.532,-4300012.289,-2150606.375,7, 16, 27, 30, 
201,1031261.251,-69.572,-5.120,-5106331.366,-2218.658,-15.314,3593861.451,-729.388,-2.324,-4440899.789,-4235891.532,-4300012.289,-2150606.375,7, 16, 27, 30, 
202,1031851.776,-68.131,-5.088,-5107649.572,-2225.998,-15.275,3593162.120,-734.206,-2.336,-4440899.789,-4235891.532,-4300012.289,-2150606.375,7, 16, 27, 30, 
203,1032444.296,-66.684,-5.056,-5108971.722,-2233.316,-15.237,3592460.786,-739.030,-2.349,-4440899.789,-4235891.532,-4300012.289,-2150606.375,7, 16, 27, 30, 
204,1033038.823,-65.230,-5.024,-5110297.845,-2240.614,-15.198,3591757.496,-743.861,-2.361,-4440899.789,-4235891.532,-4300012.289,-2150606.375,7, 16, 27, 30, 
205,1033635.375,-63.770,-4.993,-5111627.982,-2247.891,-15.160,3591052.232,-748.698,-2.373,-4440899.789,-4235891.532,-4300012.289,-2150606.375,7, 16, 27, 30, 
206,1034233.930,-62.304,-4.962,-5112962.034,-2255.147,-15.122,3590345.092,-753.543,-2.385,-4440899.789,-4235891.532,-4300012.289,-2150606.375,7, 16, 27, 30, 
207,1034834.500,-60.832,-4.931,-5114300.037,-2262.383,-15.084,3589636.036,-758.393,-2.396,-4440899.789,-4235891.532,-4300012.289,-2150606.375,7, 16, 27, 30, 
208,1035437.128,-59.353,-4.901,-5115642.134,-2269.601,-15.047,3588924.955,-763.250,-2.408,-4440899.789,-4235891.532,-4300012.289,-2150606.375,7, 16, 27, 30, 
209,1036041.844,-57.869,-4.870,-5116988.361,-2276.799,-15.009,3588211.780,-768.113,-2.420,-4440899.789,-4235891.532,-4300012.289,-2150606.375,7, 16, 27, 30, 
210,1036648.603,-56.378,-4.840,-5118338.634,-2283.979,-14.972,3587496.621,-772.982,-2.431,-4440899.789,-4235891.532,-4300012.289,-2150606.375,7, 16, 27, 30, 
211,1037257.427,-54.880,-4.811,-5119692.986,-2291.141,-14.936,3586779.456,-777.857,-2.443,-4440899.789,-4235891.532,-4300012.289,-2150606.375,7, 16, 27, 30, 
212,1037868.340,-53.377,-4.781,-5121051.491,-2298.285,-14.899,3586060.192,-782.738,-2.454,-4440899.789,-4235891.532,-4300012.289,-2150606.375,7, 16, 27, 30, 
213,1038481.346,-51.867,-4.752,-5122414.107,-2305.412,-14.863,3585338.950,-787.624,-2.465,-4440899.789,-4235891.532,-4300012.289,-2150606.375,7, 16, 27, 30, 
214,1039096.438,-50.352,-4.723,-5123780.832,-2312.522,-14.827,3584615.686,-792.516,-2.477,-4440899.789,-4235891.532,-4300012.289,-2150606.375,7, 16, 27, 30, 
215,1039713.612,-48.830,-4.694,-5125151.637,-2319.614,-14.792,3583890.466,-797.413,-2.488,-4440899.789,-4235891.532,-4300012.289,-2150606.375,7, 16, 27, 30, 
216,1040332.919,-47.302,-4.666,-5126526.640,-2326.690,-14.756,3583163.223,-802.316,-2.499,-4440899.789,-4235891.532,-4300012.289,-2150606.375,7, 16, 27, 30, 
217,1040954.363,-45.768,-4.637,-5127905.831,-2333.750,-14.721,3582433.999,-807.224,-2.510,-4440899.789,-4235891.532,-4300012.289,-2150606.375,7, 16, 27, 30, 
218,1041577.893,-44.227,-4.609,-5129289.084,-2340.794,-14.686,3581702.808,-812.137,-2.521,-4440899.789,-4235891.532,-4300012.289,-2150606.375,7, 16, 27, 30, 
219,1042203.546,-42.681,-4.581,-5130676.527,-2347.822,-14.652,3580969.592,-817.055,-2.532,-4440899.789,-4235891.532,-4300012.288,-2150606.375,7, 16, 27, 30, 
220,1042831.374,-41.129,-4.554,-5132068.229,-2354.836,-14.617,3580234.327,-821.977,-2.542,-4440899.789,-4235891.532,-4300012.288,-2150606.375,7, 16, 27, 30, 
221,1043461.332,-39.570,-4.526,-5133464.107,-2361.834,-14.583,3579497.056,-826.905,-2.553,-4440899.789,-4235891.532,-4300012.288,-2150606.375,7, 16, 27, 30, 
222,1044093.451,-38.006,-4.499,-5134864.232,-2368.818,-14.549,3578757.731,-831.837,-2.564,-4440899.789,-4235891.532,-4300012.288,-2150606.375,7, 16, 27, 30, 
223,1044727.773,-36.435,-4.472,-5136268.690,-2375.788,-14.515,3578016.302,-836.774,-2.574,-4440899.789,-4235891.532,-4300012.288,-2150606.375,7, 16, 27, 30, 
224,1045364.297,-34.858,-4.445,-5137677.490,-2382.745,-14.482,3577272.778,-841.716,-2.585,-4440899.789,-4235891.532,-4300012.288,-2150606.375,7, 16, 27, 30, 
225,1046002.988,-33.275,-4.419,-5139090.547,-2389.687,-14.449,3576527.157,-846.661,-2.595,-4440899.789,-4235891.532,-4300012.288,-2150606.375,7, 16, 27, 30, 
226,1046643.914,-31.686,-4.392,-5140507.999,-2396.617,-14.416,3575779.431,-851.611,-2.605,-4440899.789,-4235891.532,-4300012.288,-2150606.375,7, 16, 27, 30, 
227,1047287.031,-30.090,-4.366,-5141929.736,-2403.534,-14.383,3575029.639,-856.565,-2.616,-4440899.789,-4235891.532,-4300012.288,-2150606.375,7, 16, 27, 30, 
228,1047932.404,-28.489,-4.340,-5143355.985,-2410.438,-14.351,3574277.610,-861.523,-2.626,-4440899.789,-4235891.532,-4300012.288,-2150606.375,7, 16, 27, 30, 
229,1048580.003,-26.881,-4.315,-5144786.545,-2417.330,-14.318,3573523.452,-866.484,-2.636,-4440899.789,-4235891.532,-4300012.288,-2150606.375,7, 16, 27, 30, 
230,1049229.882,-25.267,-4.289,-5146221.663,-2424.211,-14.286,3572767.070,-871.450,-2.646,-4440899.789,-4235891.532,-4300012.288,-2150606.375,7, 16, 27, 30, 
231,1049882.052,-23.646,-4.264,-5147661.292,-2431.080,-14.254,3572008.491,-876.419,-2.656,-4440899.789,-4235891.532,-4300012.288,-2150606.375,7, 16, 27, 30, 
232,1050536.444,-22.020,-4.239,-5149105.226,-2437.937,-14.223,3571247.893,-881.392,-2.666,-4440899.789,-4235891.532,-4300012.288,-2150606.375,7, 16, 27, 30, 
233,1051193.095,-20.387,-4.214,-5150553.580,-2444.783,-14.191,3570485.219,-886.369,-2.676,-4440899.789,-4235891.532,-4300012.288,-2150606.375,7, 16, 27, 30, 
234,1052078.484,-16.947,-4.181,-5152794.141,-2456.616,-14.181,3569324.392,-889.649,-2.678,-4440899.789,-4300012.288,-2150606.375,7, 27, 30, 
235,1052978.677,-13.416,-4.149,-5155080.884,-2468.660,-14.172,3568140.645,-892.857,-2.681,-4440899.789,-4300012.288,-2150606.375,7, 27, 30, 
236,1053872.208,-9.965,-4.117,-5157339.135,-2480.443,-14.162,3566971.489,-896.154,-2.683,-4440899.789,-4300012.288,-2150606.375,7, 27, 30, 
237,1054725.620,-6.856,-4.086,-5159452.991,-2491.241,-14.148,3565875.161,-899.786,-2.687,-4440899.789,-4300012.288,-2150606.375,7, 27, 30, 
238,1055631.232,-3.363,-4.055,-5161742.643,-2503.065,-14.139,3564690.797,-903.068,-2.690,-4440899.789,-4300012.288,-2150606.375,7, 27, 30, 
239,1056539.424,0.124,-4.024,-5164035.817,-2514.831,-14.129,3563504.914,-906.370,-2.692,-4440899.789,-4300012.288,-2150606.375,7, 27, 30, 
240,1057485.066,3.874,-3.991,-5166453.052,-2527.287,-14.122,3562257.045,-909.436,-2.694,-4440899.789,-4300012.288,-2150606.375,7, 27, 30, 
241,1058437.821,7.651,-3.959,-5168889.193,-2539.775,-14.115,3561000.008,-912.492,-2.695,-4440899.789,-4300012.288,-2150606.375,7, 27, 30, 
242,1059367.905,11.224,-3.929,-5171241.496,-2551.665,-14.106,3559785.335,-915.750,-2.697,-4440899.789,-4300012.288,-2150606.375,7, 27, 30, 
243,1060314.552,14.898,-3.898,-5173645.332,-2563.791,-14.098,3558545.145,-918.928,-2.699,-4440899.789,-4300012.288,-2150606.375,7, 27, 30, 
244,1061234.076,18.336,-3.868,-5175950.310,-2575.235,-14.087,3557354.726,-922.338,-2.702,-4440899.789,-4300012.288,-2150606.375,7, 27, 30, 
245,1062174.611,21.908,-3.838,-5178322.113,-2587.010,-14.078,3556131.086,-925.635,-2.705,-4440899.789,-4300012.288,-2150606.375,7, 27, 30, 
246,1063142.975,25.665,-3.807,-5180783.861,-2599.251,-14.070,3554862.580,-928.773,-2.706,-4440899.789,-4300012.288,-2150606.375,7, 27, 30, 
247,1064333.763,31.077,-3.770,-5184002.391,-2615.959,-14.081,3553215.301,-930.390,-2.702,-4440899.788,-4300012.288,-2150606.375,7, 27, 30, 
248,1065299.953,34.755,-3.740,-5186444.414,-2627.904,-14.072,3551957.246,-933.628,-2.704,-4440899.788,-4300012.288,-2150606.375,7, 27, 30, 
249,1066255.756,38.328,-3.711,-5188845.336,-2639.526,-14.063,3550719.972,-936.975,-2.707,-4440899.788,-4300012.288,-2150606.375,7, 27, 30, 
250,1067217.054,41.915,-3.682,-5191259.487,-2651.152,-14.053,3549476.242,-940.321,-2.709,-4440899.788,-4300012.288,-2150606.375,7, 27, 30, 
251,1068202.315,45.654,-3.653,-5193749.817,-2663.156,-14.045,3548194.626,-943.538,-2.711,-4440899.788,-4300012.288,-2150606.375,7, 27, 30, 
252,1069170.899,49.242,-3.624,-5196177.576,-2674.713,-14.035,3546944.580,-946.906,-2.714,-4440899.788,-4300012.288,-2150606.375,7, 27, 30, 
253,1070171.424,53.040,-3.595,-5198708.486,-2686.803,-14.027,3545643.202,-950.093,-2.716,-4440899.788,-4300012.288,-2150606.375,7, 27, 30, 
254,1071325.888,57.941,-3.562,-5201757.016,-2701.848,-14.031,3544083.480,-952.275,-2.714,-4440899.788,-4300012.288,-2150606.375,7, 27, 30, 
255,1072337.026,61.757,-3.533,-5204311.732,-2713.913,-14.024,3542770.908,-955.470,-2.716,-4440899.788,-4300012.288,-2150606.375,7, 27, 30, 
256,1073345.082,65.523,-3.505,-5206850.126,-2725.807,-14.015,3541466.792,-958.722,-2.718,-4440899.788,-4300012.288,-2150606.375,7, 27, 30, 
257,1074359.772,69.310,-3.477,-5209405.190,-2737.723,-14.007,3540154.654,-961.967,-2.720,-4440899.788,-4300012.288,-2150606.375,7, 27, 30, 
258,1075380.139,73.111,-3.449,-5211973.600,-2749.642,-13.999,3538836.214,-965.211,-2.722,-4440899.788,-4300012.288,-2150606.375,7, 27, 30, 
259,1076386.859,76.786,-3.422,-5214489.960,-2761.188,-13.990,3537543.974,-968.581,-2.724,-4440899.788,-4300012.288,-2150606.375,7, 27, 30, 
260,1078192.189,86.172,-3.373,-5219698.156,-2788.073,-14.039,3534909.537,-966.731,-2.707,-4440899.788,-4300012.288,-2150606.375,7, 27, 30, 
261,1079244.721,90.102,-3.345,-5222354.603,-2800.219,-14.032,3533548.363,-969.897,-2.708,-4440899.788,-4300012.288,-2150606.375,7, 27, 30, 
262,1080360.739,94.457,-3.316,-5225218.951,-2813.470,-14.029,3532083.715,-972.686,-2.709,-4440899.788,-4300012.288,-2150606.375,7, 27, 30, 
263,1081408.191,98.294,-3.289,-5227845.996,-2825.295,-14.021,3530737.564,-975.960,-2.711,-4440899.788,-4300012.288,-2150606.375,7, 27, 30, 
264,1082474.858,102.240,-3.262,-5230531.648,-2837.379,-14.013,3529362.536,-979.145,-2.713,-4440899.788,-4300012.288,-2150606.375,7, 27, 30, 
265,1083544.185,106.177,-3.235,-5233220.125,-2849.405,-14.006,3527986.469,-982.350,-2.715,-4440899.788,-4300012.288,-2150606.375,7, 27, 30, 
266,1084615.046,110.098,-3.208,-5235907.617,-2861.353,-13.998,3526611.246,-985.581,-2.716,-4440899.788,-4300012.288,-2150606.375,7, 27, 30, 
267,1085740.036,114.370,-3.180,-5238770.424,-2874.206,-13.994,3525149.143,-988.504,-2.717,-4440899.788,-4300012.288,-2150606.375,7, 27, 30, 
268,1086850.470,118.511,-3.153,-5241577.956,-2886.674,-13.988,3523714.824,-991.558,-2.718,-4440899.788,-4300012.288,-2150606.375,7, 27, 30, 
269,1086969.360,115.734,-3.152,-5241063.451,-2880.670,-13.915,3523932.226,-1000.899,-2.743,-4440899.788,-131098853.035,-4300012.288,-2150606.375,7, 18, 27, 30, 
270,1087092.320,113.005,-3.150,-5240563.147,-2874.803,-13.842,3524142.515,-1010.193,-2.767,-4440899.788,-131098853.035,-4300012.288,-2150606.375,7, 18, 27, 30, 
271,1087214.974,110.296,-3.148,-5240062.702,-2868.994,-13.770,3524352.858,-1019.468,-2.791,-4440899.788,-131098853.036,-4300012.288,-2150606.375,7, 18, 27, 30, 
272,1088300.065,114.224,-3.123,-5242771.458,-2880.820,-13.763,3522967.144,-1022.739,-2.793,-4440899.788,-4300012.288,-2150606.375,7, 27, 30, 
273,1089377.952,118.075,-3.097,-5245450.100,-2892.412,-13.755,3521596.691,-1026.090,-2.795,-4440899.788,-4300012.288,-2150606.375,7, 27, 30, 
274,1090460.015,121.929,-3.072,-5248136.571,-2903.979,-13.747,3520222.663,-1029.449,-2.797,-4440899.788,-4300012.288,-2150606.375,7, 27, 30, 
275,1091572.231,125.963,-3.046,-5250917.159,-2915.989,-13.741,3518802.202,-1032.657,-2.798,-4440899.788,-4300012.288,-2150606.375,7, 27, 30, 
276,1092663.667,129.828,-3.021,-5253622.483,-2927.522,-13.733,3517419.464,-1036.027,-2.800,-4440899.788,-4300012.288,-2150606.375,7, 27, 30, 
277,1093767.973,133.755,-2.997,-5256364.394,-2939.186,-13.725,3516018.851,-1039.353,-2.802,-4440899.788,-4300012.288,-2150606.375,7, 27, 30, 
